Fecha,Measured Current Infected,True Current Infected,New Deaths,Recovered Population,Accumulative Deaths,Susceptible Population,True Infection Rate,Measured Infection Rate,Total Cases,Closure Policy,Mobility
2020-03-02,0,5.18,0,0,0,503147,5.18,0,0,No Closures,6.26427061312927
2020-03-03,0,5.775,0,0,0,503147,0.595000000000001,0,0,No Closures,6.33574436904779
2020-03-04,0,7.23,0,0,0,503147,1.455,0,0,No Closures,6.44433537175383
2020-03-05,0,11.095,0,0,0,503147,3.865,0,0,No Closures,6.50782687336632
2020-03-06,0,11.485,0,0,0,503147,0.389999999999999,0,0,No Closures,6.82260537460891
2020-03-07,0,12.645,0,0,0,503147,1.16,0,0,No Closures,5.46014945459278
2020-03-08,0,17.115,0,0,0,503147,4.47,0,0,No Closures,4.5397073061154
2020-03-09,0,23.8,0,0,0,503147,6.685,0,0,No Closures,6.44136119981913
2020-03-10,0,33.42,0,0,0,503147,9.62,0,0,No Closures,6.52831669235498
2020-03-11,0,34.975,0,0,0,503147,1.555,0,0,No Closures,6.31801985817247
2020-03-12,0,44.36,0,0,0,503147,9.385,0,0,Initial Closures,6.82356773007778
2020-03-13,0,67.45,0,0,0,503147,23.09,0,0,Initial Closures,6.90677816917061
2020-03-14,0,87.51,0,0,0,503147,20.06,0,0,Initial Closures,5.47978954000496
2020-03-15,0,99.145,0,0,0,503147,11.635,0,0,Initial Closures,4.42516683245996
2020-03-16,0,146.15,0,0,0,503147,47.005,0,0,Initial Closures,5.82507348448439
2020-03-17,0,103.245,0,0,0,503147,-42.905,0,0,Initial Closures,5.20321851210216
2020-03-18,0,118.305,0,0,0,503147,15.06,0,0,Initial Closures,5.07986297425466
2020-03-19,0,122.45,0,0,0,503147,4.145,0,0,Initial Closures,4.76182955969628
2020-03-20,0,142.325,0,0,0,503147,19.875,0,0,Initial Closures,4.65338154166824
2020-03-21,0,125.48,0,0,0,503147,-16.845,0,0,Initial Closures,3.41287223880373
2020-03-22,0,115.22,0,0,0,503147,-10.26,0,0,Initial Closures,2.74959098683504
2020-03-23,0,136.185,0,0,0,503147,20.965,0,0,Initial Closures,4.08205579514758
2020-03-24,0,124.415,0,0,0,503147,-11.77,0,0,Initial Closures,3.99219898704213
2020-03-25,0,122.96,0,0,0,503147,-1.45500000000001,0,0,Initial Closures,4.08368842613892
2020-03-26,0,134.095,0,0,0,503147,11.135,0,0,Initial Closures,4.37984460155529
2020-03-27,0,131.97,0,0,0,503147,-2.125,0,0,Initial Closures,3.72205786495144
2020-03-28,0,121.09,0,0,0,503147,-10.88,0,0,Initial Closures,2.99761569673889
2020-03-29,0,116.5,0,0,0,503147,-4.59,0,0,Initial Closures,2.59132687451441
2020-03-30,0,144.4,0,127,0,503020,27.9,0,127,Initial Closures,3.7482433447026
2020-03-31,0,144.835,0,127,0,503020,0.435000000000002,0,127,Initial Closures,3.93075255016288
2020-04-01,0,185.32,0,156,0,502991,40.485,0,156,Initial Closures,3.88745567797439
2020-04-02,0,166.165,0,156,0,502991,-19.155,0,156,Initial Closures,3.77644817556548
2020-04-03,0,155.315,1,172,1,502974,-10.85,0,173,Initial Closures,3.99174158505715
2020-04-04,0,164.015,0,172,1,502974,8.69999999999999,0,173,Initial Closures,3.2669925105269
2020-04-05,0,164.745,0,172,1,502974,0.730000000000018,0,173,Initial Closures,2.77427691239713
2020-04-06,0,198.645,1,232,2,502913,33.9,0,234,Initial Closures,3.86618958390483
2020-04-07,0,178.66,0,232,2,502913,-19.985,0,234,Initial Closures,3.90526023507334
2020-04-08,0,204.75,0,269,2,502876,26.09,0,271,Initial Closures,3.78612792888444
2020-04-09,0,215.715,1,268,3,502876,10.965,0,271,Initial Closures,3.9998017960183
2020-04-10,0,226.725,0,318,3,502826,11.01,0,321,Initial Closures,2.77557076005785
2020-04-11,0,179.31,0,318,3,502826,-47.415,0,321,Initial Closures,2.81440679682066
2020-04-12,0,187.555,0,318,3,502826,8.245,0,321,Initial Closures,2.66259422357751
2020-04-13,169,267.515,0,203,3,502772,79.96,169,375,Initial Closures,4.15178401812058
2020-04-14,169,248.3,0,203,3,502772,-19.215,169,375,Initial Closures,4.15333289965506
2020-04-15,138,323.43,0,263,3,502743,75.13,-31,404,Initial Closures,4.16101207520675
2020-04-16,138,299.91,0,263,3,502743,-23.52,-31,404,Initial Closures,3.96982017372569
2020-04-17,162,325.93,0,298,3,502684,26.02,24,463,Initial Closures,4.27185325790653
2020-04-18,162,333.515,1,297,4,502684,7.58499999999998,24,463,Initial Closures,3.48653303206464
2020-04-19,162,327.03,0,297,4,502684,-6.48500000000001,24,463,Initial Closures,2.92091927423993
2020-04-20,149,594.29,0,347,4,502647,267.26,-13,500,Initial Closures,4.22452187779791
2020-04-21,149,475.41,0,347,4,502647,-118.88,-13,500,Initial Closures,4.25141448047858
2020-04-22,149,551.79,0,347,4,502647,76.3799999999999,-13,500,Initial Closures,4.29036974637995
2020-04-23,149,618.95,0,347,4,502647,67.1600000000001,-13,500,Initial Closures,4.47210190449756
2020-04-24,176,766.865,1,427,5,502539,147.915,27,608,Initial Closures,4.5650836786322
2020-04-25,176,774.195,0,427,5,502539,7.33000000000004,27,608,Initial Closures,3.5295054654487
2020-04-26,176,785.305,0,427,5,502539,11.1099999999999,27,608,Initial Closures,2.91848224386214
2020-04-27,203,1250.38,2,490,7,502447,465.075,27,700,Initial Closures,4.27974042596598
2020-04-28,203,1198.19,1,489,8,502447,-52.1900000000001,27,700,Initial Closures,4.20870013278365
2020-04-29,203,1236.335,1,488,9,502447,38.145,27,700,Initial Closures,4.33749392943694
2020-04-30,203,1469.36,0,488,9,502447,233.025,27,700,Initial Closures,4.54931253126901
2020-05-01,387,2139.355,0,584,9,502167,669.995,184,980,Initial Closures,2.97838047322453
2020-05-02,387,1961.295,1,583,10,502167,-178.06,184,980,Initial Closures,3.58317324884305
2020-05-03,387,2036.275,0,583,10,502167,74.98,184,980,Initial Closures,2.96471771088184
2020-05-04,608,2833.23,1,675,11,501853,796.955,221,1294,Initial Closures,4.51705220062337
2020-05-05,608,2573.27,0,675,11,501853,-259.96,221,1294,Initial Closures,4.59701917541706
2020-05-06,608,2485.3,0,675,11,501853,-87.9699999999998,221,1294,Initial Closures,4.51822286931624
2020-05-07,608,2621.37,0,675,11,501853,136.07,221,1294,Initial Closures,3.51742213357081
2020-05-08,783,3012.14,0,872,11,501481,390.77,175,1666,Initial Closures,4.85662541958933
2020-05-09,783,2850.795,1,871,12,501481,-161.345,175,1666,Initial Closures,3.4366174859562
2020-05-10,783,3114.41,0,871,12,501481,263.615,175,1666,Initial Closures,3.03362210199079
2020-05-11,809,3700.37,0,1052,12,501274,585.96,26,1873,Initial Closures,3.92771533458607
2020-05-12,809,3338.23,1,1051,13,501274,-362.14,26,1873,Initial Closures,3.913311484535
2020-05-13,809,2985.225,2,1049,15,501274,-353.005,26,1873,Initial Closures,4.07821464137982
2020-05-14,809,2820.235,0,1049,15,501274,-164.99,26,1873,Initial Closures,4.22668758582579
2020-05-15,1116,3634.76,2,1494,17,500520,814.525,307,2627,Initial Closures,4.45889717249498
2020-05-16,1116,3208.355,3,1491,20,500520,-426.405,307,2627,Initial Closures,2.8991199312395
2020-05-17,1116,3125.73,3,1488,23,500520,-82.625,307,2627,Initial Closures,2.48233805323065
2020-05-18,1059,3971.875,3,1876,26,500186,846.145,-57,2961,Initial Closures,3.47472664339883
2020-05-19,1059,3346.43,3,1873,29,500186,-625.445,-57,2961,Initial Closures,3.57917088677063
2020-05-20,1059,3813.325,4,1869,33,500186,466.895,-57,2961,Initial Closures,3.76617316514225
2020-05-21,1059,2980.45,5,1864,38,500186,-832.875,-57,2961,Initial Closures,2.73893704424033
2020-05-22,1210,3733.67,4,2683,42,499212,753.22,151,3935,Initial Closures,3.71684523670703
2020-05-23,1210,3254,1,2682,43,499212,-479.67,151,3935,Initial Closures,3.09260075141356
2020-05-24,1210,2926.695,2,2680,45,499212,-327.305,151,3935,Initial Closures,2.64864359637121
2020-05-25,1194,3945.555,0,3379,45,498529,1018.86,-16,4618,Initial Closures,3.7994938830976
2020-05-26,1194,2984.63,8,3371,53,498529,-960.925,-16,4618,Initial Closures,3.79847629397735
2020-05-27,1194,3010.5,3,3368,56,498529,25.8699999999999,-16,4618,Initial Closures,3.83263029894412
2020-05-28,1194,3133.83,2,3366,58,498529,123.33,-16,4618,Initial Closures,3.72037430104182
2020-05-29,1230,3278.84,5,4324,63,497530,145.01,36,5617,Initial Closures,3.88573349316051
2020-05-30,1230,3001.025,5,4319,68,497530,-277.815,36,5617,Initial Closures,3.22666701927414
2020-05-31,1230,2778.745,7,4312,75,497530,-222.28,36,5617,Initial Closures,2.76374789323803
2020-06-01,1148,4246.88,7,5048,82,496869,1468.135,-82,6278,Initial Closures,3.85849682963693
2020-06-02,1148,2680.84,2,5046,84,496869,-1566.04,-82,6278,Initial Closures,3.85675994619084
2020-06-03,1148,2545.825,5,5041,89,496869,-135.015,-82,6278,Initial Closures,3.80255534567702
2020-06-04,1148,2446.825,8,5033,97,496869,-99,-82,6278,Initial Closures,3.81707087531224
2020-06-05,988,2877.86,6,5998,103,496058,431.035,-160,7089,Initial Closures,3.94511352927033
2020-06-06,988,2450.84,4,5994,107,496058,-427.02,-160,7089,Initial Closures,3.24881408039906
2020-06-07,988,2160.665,1,5993,108,496058,-290.175,-160,7089,Initial Closures,2.68764671598633
2020-06-08,1006,2767.405,2,6670,110,495361,606.74,18,7786,Initial Closures,3.69345395574663
2020-06-09,1006,2144.455,6,6664,116,495361,-622.95,18,7786,Initial Closures,3.77155964675368
2020-06-10,1006,2259.085,2,6662,118,495361,114.63,18,7786,Initial Closures,3.83212837334661
2020-06-11,1006,1991.35,2,6660,120,495361,-267.735,18,7786,Initial Closures,3.89603412933246
2020-06-12,1084,2173.26,4,7610,124,494329,181.91,78,8818,Initial Closures,4.00972650858676
2020-06-13,1084,1969.565,3,7607,127,494329,-203.695,78,8818,Initial Closures,3.36863809393253
2020-06-14,1084,1776.845,3,7604,130,494329,-192.72,78,8818,Initial Closures,2.85087194795864
2020-06-15,990,2224.215,3,8289,133,493735,447.37,-94,9412,Initial Closures,3.80173427323544
2020-06-16,990,1805.42,6,8283,139,493735,-418.795,-94,9412,Initial Closures,3.84229713156341
2020-06-17,990,1662.69,7,8276,146,493735,-142.73,-94,9412,Initial Closures,3.78560189895965
2020-06-18,990,1783.48,3,8273,149,493735,120.79,-94,9412,Initial Closures,3.87438285063474
2020-06-19,1409,1707.955,5,9560,154,492024,-75.5250000000001,419,11123,Initial Closures,3.97132407321024
2020-06-20,1409,1608.575,5,9555,159,492024,-99.3799999999999,419,11123,Initial Closures,3.29666643878644
2020-06-21,1409,1311.305,3,9552,162,492024,-297.27,419,11123,Initial Closures,2.85421345429657
2020-06-22,1409,1525.815,5,9547,167,492024,214.51,419,11123,Initial Closures,3.77987035528121
2020-06-23,1249,1365.805,5,10410,172,491316,-160.01,-160,11831,Initial Closures,3.84337436372706
2020-06-24,1249,1255.34,4,10406,176,491316,-110.465,-160,11831,Initial Closures,3.91271390990676
2020-06-25,1249,1176.565,4,10402,180,491316,-78.7749999999999,-160,11831,Initial Closures,3.96304912424133
2020-06-26,1249,1284.16,5,10397,185,491316,107.595,-160,11831,Initial Closures,4.2159764646364
2020-06-27,1249,1021.845,2,10395,187,491316,-262.315,-160,11831,Initial Closures,3.41687161211035
2020-06-28,1103,1008.42,2,11189,189,490666,-13.4250000000001,-146,12481,Initial Closures,2.84055403470292
2020-06-29,1103,1083.775,2,11187,191,490666,75.3550000000001,-146,12481,Initial Closures,2.96468920076144
2020-06-30,1103,1074.94,4,11183,195,490666,-8.83500000000004,-146,12481,Initial Closures,4.17752159551085
2020-07-01,855,1218.88,1,11677,196,490419,143.94,-248,12728,Initial Closures,4.13924441718902
2020-07-02,855,831.46,2,11675,198,490419,-387.42,-248,12728,Initial Closures,4.27856037566884
2020-07-03,855,885.34,3,11672,201,490419,53.88,-248,12728,Initial Closures,4.4523622025664
2020-07-04,855,820.82,2,11670,203,490419,-64.52,-248,12728,Initial Closures,3.33307816961945
2020-07-05,758,818.405,2,12183,205,490001,-2.41500000000008,-97,13146,Initial Closures,3.10165301126276
2020-07-06,758,920.955,1,12182,206,490001,102.55,-97,13146,Initial Closures,4.40352399350851
2020-07-07,758,850.305,1,12181,207,490001,-70.6500000000001,-97,13146,Initial Closures,4.37380588478565
2020-07-08,758,719.675,3,12178,210,490001,-130.63,-97,13146,Initial Closures,4.41648845976602
2020-07-09,758,759.39,1,12177,211,490001,39.715,-97,13146,Initial Closures,4.3504093522628
2020-07-10,678,834.99,0,12703,211,489555,75.6,-80,13592,Initial Closures,4.47282765794452
2020-07-11,678,617.755,3,12700,214,489555,-217.235,-80,13592,Initial Closures,3.61649251791061
2020-07-12,678,574.165,3,12697,217,489555,-43.59,-80,13592,Initial Closures,3.00140704349049
2020-07-13,687,748.765,0,12948,217,489295,174.6,9,13852,Initial Closures,4.37549166646022
2020-07-14,687,677.01,1,12947,218,489295,-71.755,9,13852,Initial Closures,4.47133304633585
2020-07-15,687,606.845,0,12947,218,489295,-70.165,9,13852,Initial Closures,4.53007235141239
2020-07-16,687,476.75,0,12947,218,489295,-130.095,9,13852,Initial Closures,3.3146843945293
2020-07-17,543,634.17,0,13280,218,489106,157.42,-144,14041,Initial Closures,4.30910479581039
2020-07-18,543,523.93,0,13280,218,489106,-110.24,-144,14041,Initial Closures,3.55517656052698
2020-07-19,543,447.61,0,13280,218,489106,-76.3199999999999,-144,14041,Initial Closures,3.03611170972793
2020-07-20,437,646.765,0,13487,218,489005,199.155,-106,14142,Initial Closures,4.39633278503415
2020-07-21,437,524.875,0,13487,218,489005,-121.89,-106,14142,Initial Closures,4.1919831679161
2020-07-22,437,489.29,0,13487,218,489005,-35.585,-106,14142,Initial Closures,4.43292124363179
2020-07-23,437,531.235,0,13487,218,489005,41.945,-106,14142,Initial Closures,4.37155675035956
2020-07-24,296,548.115,0,13815,218,488818,16.88,-141,14329,Initial Closures,4.54186174495669
2020-07-25,296,484.315,0,13815,218,488818,-63.8,-141,14329,Initial Closures,3.67401843771163
2020-07-26,296,397.615,0,13815,218,488818,-86.7,-141,14329,Initial Closures,2.99481450707722
2020-07-27,299,518.18,0,13946,218,488684,120.565,3,14463,Stage 1,4.37021094252174
2020-07-28,299,459.135,0,13946,218,488684,-59.045,3,14463,Stage 1,4.44056126204218
2020-07-29,299,441.79,0,13946,218,488684,-17.345,3,14463,Stage 1,4.57774779991046
2020-07-30,299,461.36,0,13946,218,488684,19.57,3,14463,Stage 1,4.62230425130401
2020-07-31,236,485.075,0,14087,218,488606,23.715,-63,14541,Stage 1,4.82158039777533
2020-08-01,236,464.955,0,14087,218,488606,-20.12,-63,14541,Stage 1,3.90107670650564
2020-08-02,236,363.185,0,14087,218,488606,-101.77,-63,14541,Stage 1,3.26306483689289
2020-08-03,238,487.085,0,14192,218,488499,123.9,2,14648,Stage 1,4.64632760327404
2020-08-04,238,478.695,0,14192,218,488499,-8.38999999999999,2,14648,Stage 1,4.66581830051584
2020-08-05,238,447.825,0,14192,218,488499,-30.87,2,14648,Stage 1,4.66380489192843
2020-08-06,238,439.405,0,14192,218,488499,-8.42000000000002,2,14648,Stage 1,4.68942152814513
2020-08-07,214,402.365,0,14309,218,488406,-37.04,-24,14741,Stage 1,4.94971224381114
2020-08-08,214,343.875,0,14309,218,488406,-58.49,-24,14741,Stage 1,4.05348081394102
2020-08-09,214,301.87,0,14309,218,488406,-42.005,-24,14741,Stage 1,3.33317936916325
2020-08-10,211,444.545,0,14432,218,488286,142.675,-3,14861,Stage 1,4.82823148519618
2020-08-11,211,431.26,0,14432,218,488286,-13.285,-3,14861,Stage 1,4.72004179763321
2020-08-12,211,406.41,0,14432,218,488286,-24.85,-3,14861,Stage 1,4.83620177682225
2020-08-13,211,321.36,0,14432,218,488286,-85.05,-3,14861,Stage 1,4.9814575333927
2020-08-14,223,359.705,0,14545,218,488161,38.345,12,14986,Stage 1,5.24309252317466
2020-08-15,223,323.865,0,14545,218,488161,-35.84,12,14986,Stage 1,4.17318051987861
2020-08-16,223,299.195,0,14545,218,488161,-24.67,12,14986,Stage 2,3.64084760530887
2020-08-17,224,419.205,0,14610,218,488095,120.01,1,15052,Stage 2,5.04922365430334
2020-08-18,224,435.12,0,14610,218,488095,15.915,1,15052,Stage 2,4.88958398347205
2020-08-19,224,469.125,0,14610,218,488095,34.005,1,15052,Stage 2,5.01979581900446
2020-08-20,224,465.37,0,14610,218,488095,-3.755,1,15052,Stage 2,5.15221989298732
2020-08-21,180,389.755,0,14727,218,488022,-75.615,-44,15125,Stage 2,5.44545027636753
2020-08-22,180,280.16,0,14727,218,488022,-109.595,-44,15125,Stage 2,4.33960012078607
2020-08-23,180,290.155,0,14797,218,487952,9.99499999999995,-44,15195,Stage 2,3.50397225361507
2020-08-24,176,379.265,0,14801,218,487952,89.11,-4,15195,Stage 2,5.2595368951952
2020-08-25,176,411.415,0,14801,218,487952,32.15,-4,15195,Stage 2,5.21271882030237
2020-08-26,176,652.79,0,14801,218,487952,241.375,-4,15195,Stage 2,5.37955915204844
2020-08-27,176,652.79,0,14801,218,487952,0,-4,15195,Stage 2,5.36641123487556
2020-08-28,208,652.79,0,14885,218,487836,0,32,15311,Stage 2,5.55336874885207
